1750195224622 13.486370157819225 0
1750195235658 22.23816355810617 1
1750195246927 23.09899569583931 2
1750195257448 25.39454806312769 3
1750195269239 22.95552367288379 4
1750195280614 30.12912482065997 5
1750195290789 30.41606886657102 6
1750195297644 30.703012912482066 7
1750195307532 35.294117647058826 8
1750195317590 33.715925394548066 9
1750195327892 37.15925394548063 10
1750195337548 36.15494978479197 11
1750195347945 37.73314203730273 12
1750195359163 40.02869440459111 13
1750195370254 38.88091822094692 14
1750195381511 39.02439024390244 15
1750195381515 33.715925394548066 16
