1750195224622 4.055179671807722 0
1750195235658 2.66787005554546 1
1750195246927 2.3148552612824873 2
1750195257448 2.192230360074477 3
1750195269239 2.0322969826785 4
1750195280614 1.9515741521661931 5
1750195290789 1.9147718819704922 6
1750195297644 1.8814094554294238 7
1750195307532 1.8301785696636548 8
1750195317590 1.7560185573317788 9
1750195327892 1.6332456306977705 10
1750195337548 1.634716738354076 11
1750195347945 1.5987323143265464 12
1750195359163 1.5822848081588745 13
1750195370254 1.5528493415225635 14
1750195381511 1.5501435669985684 15
1750195381515 1.7560185573317788 16
