1750196961439 20.803443328550934 0
1750196970479 32.568149210903876 1
1750196978533 36.58536585365854 2
1750196988006 41.89383070301291 3
1750196997312 44.33285509325682 4
1750197006704 44.18938307030129 5
1750197012723 47.48923959827834 6
1750197018773 50.21520803443329 7
1750197025519 49.78479196556671 8
1750197036538 52.36728837876614 9
1750197043601 53.37159253945481 10
1750197051236 49.78479196556671 11
1750197058084 53.37159253945481 12
1750197064694 52.79770444763271 13
1750197071550 53.9454806312769 14
1750197078369 55.09325681492109 15
1750197085316 54.66284074605452 16
1750197092295 54.08895265423242 17
1750197098920 58.68005738880918 18
1750197105573 57.24533715925394 19
1750197116487 57.10186513629842 20
1750197123719 56.09756097560975 21
1750197130696 58.24964131994261 22
1750197140710 62.84074605451937 23
1750197147642 61.40602582496413 24
1750197154678 58.39311334289813 25
1750197161544 60.97560975609756 26
1750197168686 62.55380200860832 27
1750197176587 57.81922525107604 28
1750197187804 61.8364418938307 29
1750197195285 61.8364418938307 30
1750197202277 64.41893830703013 31
1750197209003 63.127690100430414 32
1750197219900 65.56671449067431 33
1750197226788 63.84505021520803 34
1750197232453 61.26255380200861 35
1750197238235 62.84074605451937 36
1750197244072 61.979913916786224 37
1750197249856 65.56671449067431 38
1750197255696 63.84505021520803 39
1750197261583 68.29268292682927 40
1750197267776 65.13629842180775 41
1750197273039 68.86657101865136 42
1750197278298 64.13199426111908 43
1750197278299 63.127690100430414 44
