1750196961439 3.6205350485715 0
1750196970479 2.0354585105722602 1
1750196978533 1.7009286176074634 2
1750196988006 1.5403174053538928 3
1750196997312 1.4682257825678044 4
1750197006704 1.4643805839798667 5
1750197012723 1.3052532456137917 6
1750197018773 1.23976760560816 7
1750197025519 1.265407451174476 8
1750197036538 1.2207450108094648 9
1750197043601 1.2693521976470947 10
1750197051236 1.2361285361376675 11
1750197058084 1.2268188947981054 12
1750197064694 1.1962209533561359 13
1750197071550 1.25986077839678 14
1750197078369 1.1251847364685752 15
1750197085316 1.1684728915041143 16
1750197092295 1.1191996065053074 17
1750197098920 1.0387431274760852 18
1750197105573 1.1104957136240872 19
1750197116487 1.0954542430964382 20
1750197123719 1.1102259131995114 21
1750197130696 1.0379931357773868 22
1750197140710 0.990772856907411 23
1750197147642 0.9978110004555095 24
1750197154678 1.078053130344911 25
1750197161544 1.0217588462612845 26
1750197168686 1.026000897992741 27
1750197176587 0.9939905838532881 28
1750197187804 0.9961774782700972 29
1750197195285 0.9785165001045574 30
1750197202277 0.9064303772016005 31
1750197209003 0.897791247476231 32
1750197219900 0.8731558160348372 33
1750197226788 0.9390219233252786 34
1750197232453 1.057316855950789 35
1750197238235 1.0642440833828666 36
1750197244072 1.0121876082637093 37
1750197249856 0.9104359583421187 38
1750197255696 0.8984547745097767 39
1750197261583 0.8377962125973268 40
1750197267776 0.8727745007384907 41
1750197273039 0.7845831242474642 42
1750197278298 0.9389390349388123 43
1750197278299 0.897791247476231 44
