1750199776776 1.0373583815314553 0
1750199788217 0.9435506733981046 1
1750199799441 0.8415169228206981 2
1750199807258 0.9187797470526262 3
1750199815108 0.837251446463845 4
1750199822074 0.838009698824449 5
1750199830434 0.7595216902819547 6
1750199839434 0.7366736897013404 7
1750199845022 0.8290639194575223 8
1750199850813 0.8028417012908242 9
1750199856408 0.7695361294529655 10
1750199861826 0.7480038892139088 11
1750199871858 0.7123399363322691 12
1750199878189 0.7092587676915255 13
1750199887182 0.7220143093304201 14
1750199893336 0.732358612797477 15
1750199899314 0.6990843835202131 16
1750199905042 0.8354006138714877 17
1750199911065 0.7459112053567712 18
1750199916459 0.6885542273521423 19
1750199922922 0.771544178778475 20
1750199929645 0.841504686258056 21
1750199936266 0.7024816667491739 22
1750199943428 0.6442500366406008 23
1750199951350 0.668808797543699 24
1750199951353 0.7092587676915255 25
