1750199776776 61.54949784791965 0
1750199788217 62.55380200860832 1
1750199799441 65.71018651362984 2
1750199807258 64.8493543758967 3
1750199815108 69.01004304160689 4
1750199822074 65.71018651362984 5
1750199830434 69.72740315638451 6
1750199839434 68.72309899569584 7
1750199845022 67.14490674318508 8
1750199850813 63.98852223816356 9
1750199856408 69.44045911047345 10
1750199861826 69.87087517934003 11
1750199871858 72.88378766140603 12
1750199878189 72.30989956958393 13
1750199887182 72.45337159253945 14
1750199893336 71.30559540889527 15
1750199899314 73.60114777618364 16
1750199905042 68.4361549497848 17
1750199911065 70.3012912482066 18
1750199916459 73.60114777618364 19
1750199922922 69.44045911047345 20
1750199929645 70.44476327116212 21
1750199936266 73.02725968436155 22
1750199943428 75.60975609756098 23
1750199951350 74.17503586800574 24
1750199951353 72.30989956958393 25
