1750208986163 25.538020086083215 0
1750208995374 40.74605451936872 1
1750209003794 45.48063127690101 2
1750209012057 51.79340028694405 3
1750209021762 53.22812051649928 4
1750209027799 54.94978479196557 5
1750209035469 60.25824964131994 6
1750209041168 58.8235294117647 7
1750209047163 63.27116212338594 8
1750209057651 60.54519368723099 9
1750209066311 63.27116212338594 10
1750209072723 63.127690100430414 11
1750209077962 66.71449067431851 12
1750209089052 63.27116212338594 13
1750209095159 61.979913916786224 14
1750209102035 68.86657101865136 15
1750209114590 66.57101865136299 16
1750209124583 65.99713055954089 17
1750209132557 71.59253945480631 18
1750209139068 71.01865136298422 19
1750209147969 70.3012912482066 20
1750209153732 69.87087517934003 21
1750209159557 69.87087517934003 22
1750209165454 69.15351506456241 23
1750209171039 72.59684361549498 24
1750209179393 76.47058823529412 25
1750209184780 74.46197991391679 26
1750209190332 74.46197991391679 27
1750209198777 72.7403156384505 28
1750209204475 74.03156384505021 29
1750209210121 76.18364418938307 30
1750209215544 70.15781922525107 31
1750209221014 76.75753228120516 32
1750209226346 79.19655667144907 33
1750209232227 77.76183644189383 34
1750209237837 76.47058823529412 35
1750209243256 76.18364418938307 36
1750209249734 79.19655667144907 37
1750209255315 81.34863701578192 38
1750209255316 74.46197991391679 39
