1750208986163 3.420836026018316 0
1750208995374 1.850075131112879 1
1750209003794 1.4850357879291882 2
1750209012057 1.2890178019350225 3
1750209021762 1.2033198557116769 4
1750209027799 1.1262140761722217 5
1750209035469 1.0658418292349034 6
1750209041168 1.0635088953104885 7
1750209047163 1.0146498002789237 8
1750209057651 1.04710315303369 9
1750209066311 1.0231960903514514 10
1750209072723 0.973176357421008 11
1750209077962 0.9161074459552765 12
1750209089052 1.0035092586820775 13
1750209095159 0.9281960075551813 14
1750209102035 0.8182612576267936 15
1750209114590 0.8286722139878706 16
1750209124583 0.9076566696166992 17
1750209132557 0.7234407040205869 18
1750209139068 0.7427424774928526 19
1750209147969 0.7965541346506639 20
1750209153732 0.8368898630142212 21
1750209159557 0.7589791051366113 22
1750209165454 0.8594820580699227 23
1750209171039 0.7734037177129225 24
1750209179393 0.6394331969998099 25
1750209184780 0.6736902526833795 26
1750209190332 0.6478687985376879 27
1750209198777 0.6958760890093717 28
1750209204475 0.6922465847297148 29
1750209210121 0.6153568964112889 30
1750209215544 0.7470055357976393 31
1750209221014 0.6167591444470666 32
1750209226346 0.5365499488332055 33
1750209232227 0.5957604998892004 34
1750209237837 0.6506053886630319 35
1750209243256 0.6282074126330289 36
1750209249734 0.5750295980410143 37
1750209255315 0.5144333758137443 38
1750209255316 0.6478687985376879 39
