1750202069673 2.9014312245629053 0
1750202080212 1.9461019851944663 1
1750202092227 1.4426477334716103 2
1750202102526 1.256944713267413 3
1750202112464 1.2001301456581464 4
1750202117817 1.1396248259327628 5
1750202125072 0.993009786714207 6
1750202133243 0.9453756321560253 7
1750202138167 0.8828617496923967 8
1750202146007 0.8914239000190388 9
1750202150946 0.8515726680105383 10
1750202158307 0.7418712648478422 11
1750202163006 0.7892389541322534 12
1750202167671 0.7430034672672098 13
1750202172596 0.7249998233535073 14
1750202177545 0.7083967531269247 15
1750202185004 0.6312283670360391 16
1750202189961 0.6204196553338658 17
1750202194791 0.6718761433254589 18
1750202199560 0.6992478302933953 19
1750202204867 0.5561920417980715 20
1750202209487 0.5568405484611337 21
1750202214479 0.4978457892482931 22
1750202221917 0.5046913948926058 23
1750202226624 0.5312724228609692 24
1750202231308 0.6107227727770805 25
1750202236469 0.46322295476089825 26
1750202241294 0.47094782374121924 27
1750202246021 0.43868051266128366 28
1750202250617 0.4699142812327905 29
1750202255266 0.48200301148674707 30
1750202259900 0.7109843031926588 31
1750202264908 0.5763340389186685 32
1750202269636 0.5065029114484787 33
1750202269637 0.4978457892482931 34
