1750202069673 25.107604017216644 0
1750202080212 40.88952654232425 1
1750202092227 45.48063127690101 2
1750202102526 50.78909612625538 3
1750202112464 52.79770444763271 4
1750202117817 55.81061692969871 5
1750202125072 58.8235294117647 6
1750202133243 62.26685796269727 7
1750202138167 65.13629842180775 8
1750202146007 64.8493543758967 9
1750202150946 66.28407460545193 10
1750202158307 71.87948350071736 11
1750202163006 68.14921090387375 12
1750202167671 69.87087517934003 13
1750202172596 70.8751793400287 14
1750202177545 73.17073170731707 15
1750202185004 75.1793400286944 16
1750202189961 75.60975609756098 17
1750202194791 74.17503586800574 18
1750202199560 71.87948350071736 19
1750202204867 80.6312769010043 20
1750202209487 78.62266857962697 21
1750202214479 82.06599713055954 22
1750202221917 80.05738880918221 23
1750202226624 80.20086083213774 24
1750202231308 77.47489239598278 25
1750202236469 83.50071736011478 26
1750202241294 80.91822094691535 27
1750202246021 83.35724533715926 28
1750202250617 83.78766140602582 29
1750202255266 82.3529411764706 30
1750202259900 78.33572453371592 31
1750202264908 78.90961262553802 32
1750202269636 82.06599713055954 33
1750202269637 82.06599713055954 34
