1750197986939 21.233859397417504 0
1750197995589 33.715925394548066 1
1750198003588 38.1635581061693 2
1750198010944 42.75466284074606 3
1750198018204 48.20659971305595 4
1750198024481 47.20229555236729 5
1750198035335 49.21090387374462 6
1750198041568 51.07604017216643 7
1750198050901 52.79770444763271 8
1750198056567 52.51076040172166 9
1750198065102 52.51076040172166 10
1750198070027 54.51936872309899 11
1750198075086 55.23672883787661 12
1750198079970 57.38880918220947 13
1750198091152 59.82783357245337 14
1750198102206 60.83213773314204 15
1750198109164 61.8364418938307 16
1750198116298 61.40602582496413 17
1750198123384 60.11477761836442 18
1750198130269 61.26255380200861 19
1750198137204 63.84505021520803 20
1750198148884 64.27546628407461 21
1750198155728 62.98421807747489 22
1750198162523 63.84505021520803 23
1750198168382 62.12338593974175 24
1750198174825 66.57101865136299 25
1750198181479 65.56671449067431 26
1750198187749 63.70157819225251 27
1750198192678 68.57962697274031 28
1750198199400 67.14490674318508 29
1750198205717 69.58393113342898 30
1750198212439 69.01004304160689 31
1750198212440 63.84505021520803 32
