1750197986939 3.349387840791182 0
1750197995589 1.9010086980733005 1
1750198003588 1.7346450740640813 2
1750198010944 1.524495623328469 3
1750198018204 1.3709505796432495 4
1750198024481 1.3797235217961399 5
1750198035335 1.2747510265220294 6
1750198041568 1.2464800449934872 7
1750198050901 1.2077073454856873 8
1750198056567 1.2248456288467755 9
1750198065102 1.160490401766517 10
1750198070027 1.1368431476029484 11
1750198075086 1.0814438868652692 12
1750198079970 1.0872669274156743 13
1750198091152 1.0124216269363056 14
1750198102206 1.0028993162241848 15
1750198109164 0.9682231951843608 16
1750198116298 1.010981175032529 17
1750198123384 1.0035575303164395 18
1750198130269 0.9609689793803475 19
1750198137204 0.8935098946094513 20
1750198148884 0.8801261999390342 21
1750198155728 0.9591480927033857 22
1750198162523 0.9282583323392001 23
1750198168382 0.9240218319676139 24
1750198174825 0.887589917941527 25
1750198181479 0.8841475194150751 26
1750198187749 0.8986563845114275 27
1750198192678 0.8445317501371558 28
1750198199400 0.827390277927572 29
1750198205717 0.8191800523887981 30
1750198212439 0.7938204204494302 31
1750198212440 0.8935098946094513 32
