1750201487176 24.2467718794835 0
1750201498871 37.5896700143472 1
1750201508398 47.05882352941177 2
1750201516654 47.20229555236729 3
1750201524666 50.9325681492109 4
1750201533157 55.66714490674318 5
1750201539982 59.68436154949785 6
1750201550170 61.26255380200861 7
1750201557603 62.84074605451937 8
1750201563845 62.98421807747489 9
1750201569710 67.57532281205165 10
1750201577636 69.87087517934003 11
1750201584835 72.45337159253945 12
1750201591913 69.44045911047345 13
1750201598731 72.16642754662841 14
1750201605821 72.30989956958393 15
1750201612773 69.01004304160689 16
1750201624202 71.59253945480631 17
1750201632058 76.61406025824964 18
1750201643836 75.60975609756098 19
1750201651301 76.04017216642755 20
1750201659351 77.18794835007174 21
1750201666999 80.05738880918221 22
1750201674033 77.61836441893831 23
1750201681047 80.48780487804878 24
1750201689655 80.77474892395983 25
1750201697636 79.05308464849354 26
1750201705271 81.7790530846485 27
1750201712700 81.06169296987088 28
1750201720100 83.78766140602582 29
1750201730953 81.63558106169297 30
1750201737943 82.06599713055954 31
1750201744141 84.7919655667145 32
1750201749549 87.08751793400288 33
1750201755164 80.20086083213774 34
1750201760297 83.0703012912482 35
1750201769159 84.2180774748924 36
1750201774583 87.51793400286944 37
1750201780540 88.66571018651364 38
1750201787586 85.22238163558106 39
1750201793680 85.50932568149211 40
1750201799317 85.36585365853658 41
1750201804894 87.08751793400288 42
1750201810898 84.07460545193688 43
1750201819513 87.37446197991392 44
1750201824393 85.36585365853658 45
1750201829599 89.52654232424678 46
1750201836301 89.52654232424678 47
1750201842520 86.51362984218078 48
1750201850215 81.2051649928264 49
1750201857148 80.20086083213774 50
1750201864770 83.35724533715926 51
1750201870169 84.50502152080344 52
1750201877734 85.50932568149211 53
1750201885698 89.0961262553802 54
1750201885699 84.07460545193688 55
