1750201487176 2.9195167259736494 0
1750201498871 1.8084365292028948 1
1750201508398 1.3671950968829067 2
1750201516654 1.296629873189059 3
1750201524666 1.247255794026635 4
1750201533157 1.0741758427836678 5
1750201539982 0.9957429197701541 6
1750201550170 1.0140555799007416 7
1750201557603 0.9534732861952349 8
1750201563845 0.9136332165111195 9
1750201569710 0.8262895047664642 10
1750201577636 0.7787505767562173 11
1750201584835 0.7193504856391386 12
1750201591913 0.8054996403780851 13
1750201598731 0.7641644342379137 14
1750201605821 0.8490902605381879 15
1750201612773 0.9428518279032274 16
1750201624202 0.725105039098046 17
1750201632058 0.6279247430237856 18
1750201643836 0.7336518845774911 19
1750201651301 0.6007024469700727 20
1750201659351 0.5776316333900798 21
1750201666999 0.5408913032575087 22
1750201674033 0.5516836141998117 23
1750201681047 0.5009783011945811 24
1750201689655 0.5151927484707399 25
1750201697636 0.517548145218329 26
1750201705271 0.48794320022517984 27
1750201712700 0.47918638451532886 28
1750201720100 0.44362711093642493 29
1750201730953 0.4970549521121112 30
1750201737943 0.4747958914800124 31
1750201744141 0.39411676878278906 32
1750201749549 0.36629584567113355 33
1750201755164 0.4530159512704069 34
1750201760297 0.42303878746249457 35
1750201769159 0.41891586645082995 36
1750201774583 0.32844132523645053 37
1750201780540 0.32351561703465204 38
1750201787586 0.3637892651286992 39
1750201793680 0.386337893253023 40
1750201799317 0.38154753094369714 41
1750201804894 0.34705075282942166 42
1750201810898 0.43828465112230997 43
1750201819513 0.3421274677596309 44
1750201824393 0.44139818982644513 45
1750201829599 0.30861732295968314 46
1750201836301 0.29568769105456094 47
1750201842520 0.5615704946897246 48
1750201850215 0.9674912948500026 49
1750201857148 0.6892049746079878 50
1750201864770 0.6754043799909678 51
1750201870169 0.5202365111220967 52
1750201877734 0.37637336111881514 53
1750201885698 0.31800339641896164 54
1750201885699 0.43828465112230997 55
