1750200505669 22.094691535150645 0
1750200517744 32.42467718794835 1
1750200530136 38.020086083213776 2
1750200541852 40.74605451936872 3
1750200549632 44.61979913916786 4
1750200560158 47.91965566714491 5
1750200568257 48.20659971305595 6
1750200576188 50.07173601147776 7
1750200587705 50.35868005738881 8
1750200595039 54.37589670014347 9
1750200601130 55.81061692969871 10
1750200610334 55.38020086083214 11
1750200618477 54.51936872309899 12
1750200626121 56.81492109038737 13
1750200633537 57.67575322812051 14
1750200641302 60.97560975609756 15
1750200649611 57.38880918220947 16
1750200657671 59.97130559540889 17
1750200665653 60.11477761836442 18
1750200676554 60.97560975609756 19
1750200683267 63.98852223816356 20
1750200689439 63.41463414634146 21
1750200701260 60.97560975609756 22
1750200712257 64.13199426111908 23
1750200719865 63.127690100430414 24
1750200726295 65.13629842180775 25
1750200732590 67.14490674318508 26
1750200739782 67.57532281205165 27
1750200746664 67.43185078909613 28
1750200753402 65.71018651362984 29
1750200760635 68.00573888091822 30
1750200768738 68.86657101865136 31
1750200775604 69.44045911047345 32
1750200781920 65.4232424677188 33
1750200781921 60.97560975609756 34
