1750200505669 3.3287372372367163 0
1750200517744 2.0582910884510386 1
1750200530136 1.7272082350470803 2
1750200541852 1.6059116341850974 3
1750200549632 1.4205653396519748 4
1750200560158 1.3495858257467097 5
1750200568257 1.3178456290201708 6
1750200576188 1.2566942897709934 7
1750200587705 1.2585837163708427 8
1750200595039 1.1730312217365613 9
1750200601130 1.1203381527553906 10
1750200610334 1.1262518655170093 11
1750200618477 1.1261741031299939 12
1750200626121 1.0475429757074877 13
1750200633537 1.0651307214390149 14
1750200641302 0.9986427372152155 15
1750200649611 1.0774874741380864 16
1750200657671 1.0493906736373901 17
1750200665653 0.9730751378969713 18
1750200676554 1.0219273567199707 19
1750200683267 0.9809514717622236 20
1750200689439 0.9232505857944489 21
1750200701260 0.9857960614291105 22
1750200712257 0.9332710071043535 23
1750200719865 0.980001918294213 24
1750200726295 0.8712235418233004 25
1750200732590 0.8391843004660173 26
1750200739782 0.8497528244148601 27
1750200746664 0.8079617050561038 28
1750200753402 0.8413000784137032 29
1750200760635 0.7927624339407141 30
1750200768738 0.8113809769803827 31
1750200775604 0.8187802786176855 32
1750200781920 0.8799784982746298 33
1750200781921 0.9857960614291105 34
