1750208431468 3.104172636162151 0
1750208443411 1.705293286930431 1
1750208453342 1.4906351078640332 2
1750208465180 1.373272562568838 3
1750208474097 1.188614316961982 4
1750208483083 1.1888386065309697 5
1750208491226 1.1241335381161084 6
1750208500419 1.108848823742433 7
1750208508434 1.0766000693494624 8
1750208515692 1.0154048990119586 9
1750208523111 0.9488854733380404 10
1750208531065 0.9621328819881786 11
1750208536084 0.8807174211198633 12
1750208541443 0.903733264316212 13
1750208541444 1.4906351078640332 14
