1750208431468 24.53371592539455 0
1750208443411 41.89383070301291 1
1750208453342 47.63271162123386 2
1750208465180 48.35007173601148 3
1750208474097 53.08464849354376 4
1750208483083 54.37589670014347 5
1750208491226 57.96269727403156 6
1750208500419 57.67575322812051 7
1750208508434 59.97130559540889 8
1750208515692 57.67575322812051 9
1750208523111 61.11908177905308 10
1750208531065 63.127690100430414 11
1750208536084 65.99713055954089 12
1750208541443 63.127690100430414 13
1750208541444 47.63271162123386 14
