1750194952644 25.107604017216644 0
1750194963771 40.31563845050215 1
1750194974871 47.34576757532281 2
1750194982006 51.21951219512195 3
1750194992654 48.78048780487805 4
1750194999961 55.66714490674318 5
1750195007031 54.66284074605452 6
1750195014375 58.8235294117647 7
1750195021644 60.97560975609756 8
1750195032637 59.68436154949785 9
1750195042803 59.25394548063128 10
1750195048637 64.56241032998565 11
1750195054705 67.57532281205165 12
1750195061136 66.14060258249641 13
1750195067170 65.27977044476327 14
1750195076854 65.71018651362984 15
1750195088018 68.00573888091822 16
1750195095310 69.87087517934003 17
