1750194952644 3.079692006111145 0
1750194963771 1.7169411453333767 1
1750194974871 1.5215364369479092 2
1750194982006 1.4343803931366315 3
1750194992654 1.3171542286872864 4
1750194999961 1.1849385499954224 5
1750195007031 1.2183766635981472 6
1750195014375 1.0370556847615675 7
1750195021644 1.066560143774206 8
1750195032637 1.0487616685303776 9
1750195042803 1.0169739614833484 10
1750195048637 0.9546035663648085 11
1750195054705 0.8452424136075106 12
1750195061136 0.8475310856645758 13
1750195067170 0.862233736298301 14
1750195076854 0.8776191987774589 15
1750195088018 0.8930802941322327 16
1750195095310 0.7753117328340356 17
