1750198474761 2.8029719591140747 0
1750198483359 1.8925681005824695 1
1750198488684 1.5510150031609968 2
1750198499864 1.3965543806552887 3
1750198510581 1.3427127382972024 4
1750198517459 1.2968979938463732 5
1750198524243 1.1881707988002084 6
1750198535545 1.2163335924798793 7
1750198543044 1.1671690913763912 8
1750198551409 1.2250342992219059 9
1750198556457 1.1578473015265032 10
1750198564224 1.161975928328254 11
1750198569364 1.1634538173675537 12
1750198577393 1.1043949262662367 13
1750198582295 1.035596484487707 14
1750198587716 1.0348015048287131 15
1750198593463 1.0103841559453444 16
1750198598630 1.006126506762071 17
1750198603839 1.0323447720570997 18
1750198608993 0.9735852209004489 19
1750198615641 0.8899930282072588 20
1750198622561 0.9567183906381781 21
1750198628907 0.9366216998208653 22
1750198633815 0.8979394408789548 23
1750198633816 1.1634538173675537 24
