1750198474761 24.2467718794835 0
1750198483359 37.30272596843616 1
1750198488684 42.75466284074606 2
1750198499864 45.76757532281205 3
1750198510581 48.493543758967 4
1750198517459 48.92395982783357 5
1750198524243 54.08895265423242 6
1750198535545 52.22381635581062 7
1750198543044 52.79770444763271 8
1750198551409 51.79340028694405 9
1750198556457 54.08895265423242 10
1750198564224 53.65853658536585 11
1750198569364 58.53658536585366 12
1750198577393 58.24964131994261 13
1750198582295 58.8235294117647 14
1750198587716 60.40172166427546 15
1750198593463 59.97130559540889 16
1750198598630 59.11047345767575 17
1750198603839 57.24533715925394 18
1750198608993 60.11477761836442 19
1750198615641 64.41893830703013 20
1750198622561 61.69296987087518 21
1750198628907 62.84074605451937 22
1750198633815 64.8493543758967 23
1750198633816 58.53658536585366 24
