1750198721097 25.107604017216644 0
1750198730233 34.28981348637016 1
1750198738431 41.60688665710187 2
1750198743850 45.48063127690101 3
1750198749106 45.76757532281205 4
1750198759924 47.77618364418938 5
1750198771542 49.64131994261119 6
1750198779119 51.36298421807747 7
1750198784457 53.9454806312769 8
1750198791915 56.52797704447633 9
1750198797896 56.81492109038737 10
1750198805072 57.38880918220947 11
1750198815125 59.3974175035868 12
1750198820641 61.11908177905308 13
1750198825624 59.11047345767575 14
1750198832243 56.24103299856528 15
1750198840470 58.24964131994261 16
1750198847856 61.40602582496413 17
1750198854944 59.3974175035868 18
1750198862577 62.12338593974175 19
1750198872709 60.97560975609756 20
1750198879628 60.11477761836442 21
1750198890811 61.26255380200861 22
1750198898234 61.69296987087518 23
1750198905173 65.85365853658537 24
1750198912276 69.87087517934003 25
1750198923178 66.28407460545193 26
1750198931093 67.14490674318508 27
1750198938659 66.57101865136299 28
1750198946480 66.85796269727403 29
1750198953977 66.42754662840746 30
1750198960233 69.72740315638451 31
1750198964953 69.87087517934003 32
1750198970927 70.8751793400287 33
1750198979981 69.29698708751793 34
1750198986587 70.73170731707317 35
1750198992798 66.57101865136299 36
1750198998652 71.16212338593974 37
1750199007777 71.01865136298422 38
1750199012765 72.88378766140603 39
1750199020189 68.86657101865136 40
1750199025481 68.57962697274031 41
1750199031544 70.58823529411765 42
1750199036714 67.71879483500717 43
1750199044956 74.03156384505021 44
1750199052351 70.15781922525107 45
1750199059141 72.16642754662841 46
1750199065905 74.89239598278336 47
1750199073085 73.74461979913917 48
1750199073086 71.16212338593974 49
