1750198721097 2.7335544662042097 0
1750198730233 1.8918805935166099 1
1750198738431 1.7427373311736367 2
1750198743850 1.466545500538566 3
1750198749106 1.3530020767992192 4
1750198759924 1.2763629799539393 5
1750198771542 1.2254010736942291 6
1750198779119 1.1972347091544757 7
1750198784457 1.135672542181882 8
1750198791915 1.145301724022085 9
1750198797896 1.092739996584979 10
1750198805072 1.06700167872689 11
1750198815125 1.0114514936100354 12
1750198820641 1.0157579725438899 13
1750198825624 0.9994629729877819 14
1750198832243 1.1064354994080283 15
1750198840470 1.0845086141066118 16
1750198847856 0.971000462770462 17
1750198854944 1.0491896569728851 18
1750198862577 0.9605962579900568 19
1750198872709 0.978344665332274 20
1750198879628 0.9727955270897258 21
1750198890811 0.9488498324697668 22
1750198898234 0.89806422049349 23
1750198905173 0.9003296724774621 24
1750198912276 0.7920125153931704 25
1750198923178 0.8974294635382566 26
1750198931093 0.8542309376326475 27
1750198938659 0.8677051229910417 28
1750198946480 0.8497920740734447 29
1750198953977 0.8464508056640625 30
1750198960233 0.781008472496813 31
1750198964953 0.7473002116788517 32
1750198970927 0.7428707792000337 33
1750198979981 0.7898100519722159 34
1750198986587 0.7357595752586018 35
1750198992798 0.8817280666394667 36
1750198998652 0.7706993276422675 37
1750199007777 0.7293592434037816 38
1750199012765 0.7136365432630886 39
1750199020189 0.8111909167333082 40
1750199025481 0.8329451422799717 41
1750199031544 0.7819936573505402 42
1750199036714 0.9096687192266638 43
1750199044956 0.7192529236728494 44
1750199052351 0.7783455184914849 45
1750199059141 0.7079408751292662 46
1750199065905 0.6352383887225931 47
1750199073085 0.6420801593498751 48
1750199073086 0.7706993276422675 49
