1750208642358 3.1714630289511248 0
1750208654097 1.8015397082675586 1
1750208664975 1.531210568818179 2
1750208675007 1.3448336530815472 3
1750208682264 1.3381848443638196 4
1750208689905 1.2370031692764976 5
1750208701628 1.140264023434032 6
1750208713468 1.11540056087754 7
1750208719994 1.067999923771078 8
1750208728698 1.1594819995489987 9
1750208733834 0.9944678328254006 10
1750208740369 0.9684434776956384 11
1750208750552 0.9448321082375266 12
1750208755669 0.8684207173911008 13
1750208761084 0.9120297052643516 14
1750208767457 0.8974556977098639 15
1750208777769 0.8870119167999788 16
1750208784226 1.2949130020358346 17
1750208790311 0.8539175282825123 18
1750208797936 0.8788951147686351 19
1750208805880 0.8286805342544209 20
1750208812891 0.8655697730454531 21
1750208819771 0.7653437161987479 22
1750208826544 0.6976337392221797 23
1750208834109 0.6731033474206924 24
1750208841747 0.7243413058194247 25
1750208853168 0.6561215533451601 26
1750208860200 0.7005910941145637 27
1750208866818 0.6210507736964659 28
1750208876271 0.6537188183177601 29
1750208883449 0.6267891363664106 30
1750208890627 0.6195357861843976 31
1750208897350 0.6763679927045648 32
1750208904251 0.5665471878918734 33
1750208912247 0.5990722558715127 34
1750208919218 0.5881059007211165 35
1750208926457 0.6340155669234016 36
1750208934233 0.5827708420428362 37
1750208940575 0.5464100309393622 38
1750208945347 0.4774624610489065 39
1750208945348 0.6210507736964659 40
