1750208642358 25.39454806312769 0
1750208654097 38.73744619799139 1
1750208664975 43.47202295552367 2
1750208675007 49.21090387374462 3
1750208682264 52.51076040172166 4
1750208689905 51.506456241033 5
1750208701628 56.09756097560975 6
1750208713468 57.38880918220947 7
1750208719994 59.54088952654232 8
1750208728698 56.67144906743185 9
1750208733834 61.979913916786224 10
1750208740369 61.979913916786224 11
1750208750552 62.26685796269727 12
1750208755669 66.57101865136299 13
1750208761084 64.41893830703013 14
1750208767457 66.85796269727403 15
1750208777769 65.99713055954089 16
1750208784226 60.25824964131994 17
1750208790311 68.00573888091822 18
1750208797936 68.72309899569584 19
1750208805880 68.4361549497848 20
1750208812891 70.15781922525107 21
1750208819771 69.87087517934003 22
1750208826544 72.59684361549498 23
1750208834109 74.17503586800574 24
1750208841747 73.74461979913917 25
1750208853168 74.60545193687231 26
1750208860200 70.3012912482066 27
1750208866818 75.03586800573888 28
1750208876271 75.60975609756098 29
1750208883449 74.89239598278336 30
1750208890627 76.47058823529412 31
1750208897350 73.3142037302726 32
1750208904251 80.34433285509326 33
1750208912247 79.05308464849354 34
1750208919218 77.33142037302726 35
1750208926457 77.18794835007174 36
1750208934233 78.7661406025825 37
1750208940575 79.19655667144907 38
1750208945347 81.63558106169297 39
1750208945348 75.03586800573888 40
