1750199452046 23.959827833572454 0
1750199461423 36.72883787661406 1
1750199466734 40.88952654232425 2
1750199472581 44.04591104734577 3
1750199479206 47.91965566714491 4
1750199486872 48.78048780487805 5
1750199498336 50.9325681492109 6
1750199510033 54.23242467718795 7
1750199518131 54.08895265423242 8
1750199525431 53.37159253945481 9
1750199531562 55.81061692969871 10
1750199539251 58.24964131994261 11
1750199551493 58.53658536585366 12
1750199560579 59.68436154949785 13
1750199566973 60.83213773314204 14
1750199572705 56.9583931133429 15
1750199578794 59.3974175035868 16
1750199586312 57.24533715925394 17
1750199593679 62.69727403156384 18
1750199601468 60.11477761836442 19
1750199607888 59.68436154949785 20
1750199614500 61.69296987087518 21
1750199619806 61.979913916786224 22
1750199624957 62.55380200860832 23
1750199624959 58.53658536585366 24
