1750199452046 2.8194556073708967 0
1750199461423 1.9603806625713 1
1750199466734 1.7205452539704063 2
1750199472581 1.478638616475192 3
1750199479206 1.3247587355700405 4
1750199486872 1.380168077620593 5
1750199498336 1.2386010939424688 6
1750199510033 1.158207045360045 7
1750199518131 1.1510938920757987 8
1750199525431 1.1491524441675707 9
1750199531562 1.1516617265614597 10
1750199539251 1.0960497937419198 11
1750199551493 1.0653108656406403 12
1750199560579 1.0035256743431091 13
1750199566973 0.9609564326026223 14
1750199572705 1.142616179856387 15
1750199578794 1.0048428638414904 16
1750199586312 0.9780422232367776 17
1750199593679 0.965527821670879 18
1750199601468 1.0273239341649143 19
1750199607888 1.0457160960544238 20
1750199614500 0.9524082839488983 21
1750199619806 0.9316231445832686 22
1750199624957 0.9723218408497897 23
1750199624959 1.0653108656406403 24
