1750200033537 3.005855777046897 0
1750200045081 1.9028151035308838 1
1750200057034 1.7017158269882202 2
1750200067835 1.4493628144264221 3
1750200075602 1.518038039857691 4
1750200082044 1.4619050080125982 5
1750200087620 1.3443628332831643 6
1750200097521 1.2381212250752882 7
1750200105763 1.2328291562470524 8
1750200113175 1.1565130596811122 9
1750200119301 1.1586023650386117 10
1750200124797 1.1437467499212786 11
1750200131746 1.115212240002372 12
1750200139571 1.154721579768441 13
1750200151239 1.0002734877846458 14
1750200163139 1.0318971384655347 15
1750200169686 0.9906345497478138 16
1750200176017 1.066399652849544 17
1750200182916 0.9945967387069355 18
1750200189875 0.9744230075315996 19
1750200196361 0.9653007361021909 20
1750200203161 0.9633293802087958 21
1750200208769 1.0991598882458427 22
1750200214883 1.0180226185105063 23
1750200220566 0.9532834968783639 24
1750200226404 0.991910002448342 25
1750200236676 0.9841092526912689 26
1750200242450 0.9489457715641368 27
1750200247325 1.0374306467446415 28
1750200253204 0.9407389651645314 29
1750200260736 1.023020088672638 30
1750200267537 0.9306681616739794 31
1750200274599 0.8597798808054491 32
1750200282435 0.7959929623387076 33
1750200290367 0.8440756879069589 34
1750200299069 0.8138499774716117 35
1750200306813 0.8317942971532996 36
1750200316960 0.9348217953335155 37
1750200324843 0.9560566707090898 38
1750200332727 0.8993480462919582 39
1750200339043 0.9007380686023019 40
1750200344174 0.7980087941343134 41
1750200349703 0.8071031787178733 42
1750200355381 0.8897051865404303 43
1750200360955 0.8052071522582661 44
1750200367246 0.8632281016219746 45
1750200372153 0.993981805714694 46
1750200376991 0.9019324725324457 47
1750200376993 0.8317942971532996 48
