1750200033537 21.951219512195124 0
1750200045081 34.863701578192256 1
1750200057034 38.45050215208035 2
1750200067835 44.33285509325682 3
1750200075602 41.89383070301291 4
1750200082044 43.0416068866571 5
1750200087620 47.20229555236729 6
1750200097521 51.79340028694405 7
1750200105763 51.36298421807747 8
1750200113175 53.9454806312769 9
1750200119301 53.65853658536585 10
1750200124797 53.51506456241033 11
1750200131746 55.52367288378766 12
1750200139571 54.80631276901004 13
1750200151239 60.11477761836442 14
1750200163139 59.25394548063128 15
1750200169686 62.55380200860832 16
1750200176017 57.81922525107604 17
1750200182916 60.25824964131994 18
1750200189875 61.11908177905308 19
1750200196361 61.40602582496413 20
1750200203161 61.40602582496413 21
1750200208769 56.09756097560975 22
1750200214883 59.3974175035868 23
1750200220566 61.979913916786224 24
1750200226404 60.40172166427546 25
1750200236676 61.40602582496413 26
1750200242450 61.54949784791965 27
1750200247325 61.979913916786224 28
1750200253204 64.13199426111908 29
1750200260736 58.96700143472023 30
1750200267537 63.84505021520803 31
1750200274599 64.8493543758967 32
1750200282435 69.01004304160689 33
1750200290367 69.58393113342898 34
1750200299069 67.43185078909613 35
1750200306813 65.85365853658537 36
1750200316960 65.85365853658537 37
1750200324843 62.26685796269727 38
1750200332727 65.27977044476327 39
1750200339043 63.558106169296984 40
1750200344174 66.85796269727403 41
1750200349703 70.3012912482066 42
1750200355381 65.99713055954089 43
1750200360955 67.71879483500717 44
1750200367246 69.44045911047345 45
1750200372153 60.68866571018651 46
1750200376991 63.27116212338594 47
1750200376993 65.85365853658537 48
