1750207919071 26.398852223816355 0
1750207931585 39.31133428981349 1
1750207941885 46.0545193687231 2
1750207948133 49.49784791965567 3
1750207957324 53.51506456241033 4
1750207963243 56.9583931133429 5
1750207974161 57.38880918220947 6
1750207981063 58.53658536585366 7
1750207989812 59.11047345767575 8
1750207996485 62.12338593974175 9
1750208002721 63.84505021520803 10
1750208010896 63.27116212338594 11
1750208018413 64.41893830703013 12
1750208024385 69.29698708751793 13
1750208032184 66.42754662840746 14
1750208040066 64.70588235294117 15
1750208047393 67.8622668579627 16
1750208054484 65.27977044476327 17
1750208062388 68.00573888091822 18
1750208062389 58.53658536585366 19
