1750207919071 3.082654362375086 0
1750207931585 1.7278884811834856 1
1750207941885 1.4952870878306301 2
1750207948133 1.3794465065002441 3
1750207957324 1.1385945054617794 4
1750207963243 1.0750911560925571 5
1750207974161 1.1589749672196128 6
1750207981063 1.0999877642501483 7
1750207989812 1.1154683205214413 8
1750207996485 0.9585209895264019 9
1750208002721 0.9440604990178888 10
1750208010896 0.9432282420721921 11
1750208018413 0.8743236227469011 12
1750208024385 0.8223841230977665 13
1750208032184 0.8170038299127058 14
1750208040066 0.8729908032850786 15
1750208047393 0.8013092130422592 16
1750208054484 0.8842249702323567 17
1750208062388 0.8649972026998346 18
1750208062389 1.0999877642501483 19
