1750197513501 2.9847837632352654 0
1750197523292 2.002943055196242 1
1750197532284 1.7324469793926587 2
1750197542898 1.4900551059029319 3
1750197554192 1.363919198513031 4
1750197564425 1.3337471105835654 5
1750197574458 1.270953511649912 6
1750197581181 1.2063578529791399 7
1750197591386 1.1312158893455158 8
1750197598178 1.0888928391716697 9
1750197604672 1.1353238766843623 10
1750197611066 1.1340271451256492 11
1750197621041 1.0943444777618756 12
1750197627521 1.1112467538226733 13
1750197634054 1.0208090597932988 14
1750197640565 1.0424414656379006 15
1750197647160 1.0570469959215685 16
1750197653499 0.9518442316488787 17
1750197660534 0.929427599365061 18
1750197667055 0.9746509519490328 19
1750197673484 0.89909874309193 20
1750197679727 0.8969058692455292 21
1750197686155 0.9219843636859547 22
1750197686156 1.1340271451256492 23
