1750197513501 22.95552367288379 0
1750197523292 33.57245337159254 1
1750197532284 40.45911047345768 2
1750197542898 46.19799139167862 3
1750197554192 46.19799139167862 4
1750197564425 49.49784791965567 5
1750197574458 49.92826398852224 6
1750197581181 52.51076040172166 7
1750197591386 54.66284074605452 8
1750197598178 57.67575322812051 9
1750197604672 56.67144906743185 10
1750197611066 54.37589670014347 11
1750197621041 55.95408895265423 12
1750197627521 56.09756097560975 13
1750197634054 59.11047345767575 14
1750197640565 60.40172166427546 15
1750197647160 59.97130559540889 16
1750197653499 61.54949784791965 17
1750197660534 63.41463414634146 18
1750197667055 61.54949784791965 19
1750197673484 64.13199426111908 20
1750197679727 62.98421807747489 21
1750197686155 64.27546628407461 22
1750197686156 54.37589670014347 23
